u_initial = [0.125333
0.248690
0.368125
0.481754
0.587785
0.684547
0.770513
0.844328
0.904827
0.951057
0.982287
0.998027
0.998027
0.982287
0.951057
0.904827
0.844328
0.770513
0.684547
0.587785
0.481754
0.368125
0.248690
0.125333
0.000000
-0.125333
-0.248690
-0.368125
-0.481754
-0.587785
-0.684547
-0.770513
-0.844328
-0.904827
-0.951057
-0.982287
-0.998027
-0.998027
-0.982287
-0.951057
-0.904827
-0.844328
-0.770513
-0.684547
-0.587785
-0.481754
-0.368125
-0.248690
-0.125333
-0.000000
0.125333
0.248690
0.368125
0.481754
0.587785
0.684547
0.770513
0.844328
0.904827
0.951057
0.982287
0.998027
0.998027
0.982287
0.951057
0.904827
0.844328
0.770513
0.684547
0.587785
0.481754
0.368125
0.248690
0.125333
0.000000
-0.125333
-0.248690
-0.368125
-0.481754
-0.587785
-0.684547
-0.770513
-0.844328
-0.904827
-0.951057
-0.982287
-0.998027
-0.998027
-0.982287
-0.951057
-0.904827
-0.844328
-0.770513
-0.684547
-0.587785
-0.481754
-0.368125
-0.248690
-0.125333
-0.000000
0.125333];



x = [0:0.01:1];
x = x.';

ufull = [0.125333
-0.051919
0.021510
-0.008900
0.003681
-0.001542
0.000646
-0.000244
0.000092
-0.000069
0.000039
0.000021
-0.000020
-0.000035
0.000027
0.000038
-0.000028
-0.000043
0.000030
0.000047
-0.000031
-0.000051
0.000031
0.000055
-0.000031
-0.000059
0.000030
0.000062
-0.000029
-0.000066
0.000027
0.000070
-0.000024
-0.000074
0.000021
0.000078
-0.000017
-0.000083
0.000013
0.000087
-0.000008
-0.000092
0.000003
0.000097
0.000003
-0.000103
-0.000008
0.000109
0.000014
-0.000115
-0.000021
0.000121
0.000027
-0.000127
-0.000033
0.000133
0.000039
-0.000139
-0.000045
0.000145
0.000050
-0.000150
-0.000055
0.000155
0.000060
-0.000159
-0.000064
0.000163
0.000067
-0.000165
-0.000069
0.000166
0.000071
-0.000165
-0.000072
0.000163
0.000072
-0.000160
-0.000071
0.000154
0.000069
-0.000148
-0.000066
0.000139
0.000062
-0.000129
-0.000057
0.000117
0.000051
-0.000103
-0.000045
0.000088
0.000038
-0.000072
-0.000030
0.000055
0.000022
-0.000037
-0.000013
0.000019
0.000004]; 